




0.9216666666666666 0.003941177466011189 0.9563793280916819 0.0003946084243062894 0.548811644294629 0.035572718054217835 0.44695062514304607 0.05581115348194534 0.724242301948232 0.03597281923417079
0.8980952380952381 0.006190476190476196 0.9259349101184897 0.006186749064547639 0.26865050302588556 0.03307895642347833 0.17479825383825104 0.027117954000177687 0.5884102564102565 0.018550639685509955
0.9395238095238095 0.00472605553363789 0.9744840130253408 0.0021437780351475674 0.6994749261375717 0.021795540157358288 0.656468680754195 0.0524067764043296 0.7533380282916297 0.028368255807493775
0.9304761904761906 0.0032471861183299543 0.9656349321795432 0.003695358704505172 0.6356071271785275 0.04693465908597511 0.573890418561545 0.08869866606378417 0.725800295039646 0.025794101477879902
0.9397619047619047 0.003158690276528941 0.9719759700786413 0.0038750149962581922 0.670889537276026 0.051475434640886046 0.5823157952535929 0.08558696680903721 0.8060856192896242 0.02806432837119467
0.944047619047619 0.004454354031873724 0.9770676564083715 0.003065242512001643 0.7260608621948249 0.027103969804480186 0.6931392641868264 0.05900879853906943 0.7666595901518501 0.02339627043367554
0.9076190476190475 0.006415330278717825 0.9412277791996168 0.004508329162692112 0.4878264353932075 0.02975210010644608 0.4119621278366726 0.05301169378132072 0.6099531096652249 0.03488474882754836

0.9216666666666666 0.003941177466011189 0.9563793280916819 0.0003946084243062894 0.548811644294629 0.035572718054217835 0.44695062514304607 0.05581115348194534 0.724242301948232 0.03597281923417079
0.9207142857142857 0.008302664654363199 0.9526633737766138 0.006649426812045843 0.5573620296695677 0.06735187414933928 0.47052433475276007 0.0796757793428863 0.6935011301444213 0.061222828942735105
0.9395238095238095 0.00472605553363789 0.9744840130253408 0.0021437780351475674 0.6994749261375717 0.021795540157358288 0.656468680754195 0.0524067764043296 0.7533380282916297 0.028368255807493775
0.9304761904761906 0.0032471861183299543 0.9656349321795432 0.003695358704505172 0.6356071271785275 0.04693465908597511 0.573890418561545 0.08869866606378417 0.725800295039646 0.025794101477879902
0.9404761904761905 0.003610893068595964 0.9726303224018855 0.004667930462384901 0.6734436498301385 0.05326048791136782 0.5823157952535929 0.08558696680903721 0.8122983255023305 0.021138157221760545
0.944047619047619 0.004454354031873724 0.977059255870737 0.0030643706201832818 0.7260608621948249 0.027103969804480186 0.6931392641868264 0.05900879853906943 0.7666595901518501 0.02339627043367554
0.9288095238095238 0.00815801985667231 0.9637733957126077 0.0057113293088805585 0.6312713686357316 0.031037515022240107 0.5662594859376171 0.042835579201906344 0.7170611249692078 0.04372584249674946

0.9216666666666666 0.003941177466011189 0.9564325314967 0.0004107311556053945 0.5468320853919931 0.033335110299367275 0.44278395847637936 0.05068175275689114 0.7263864353609778 0.033820966537261514
0.9411904761904761 0.00535581994247712 0.9733516353595719 0.00844875190341404 0.6864973925507977 0.07874577098300926 0.6260562759599605 0.13156984949763384 0.7868754338276982 0.03796081948412677
0.9395238095238095 0.00472605553363789 0.9744840130253408 0.0021437780351475674 0.6994749261375717 0.021795540157358288 0.656468680754195 0.0524067764043296 0.7533380282916297 0.028368255807493775
0.9307142857142858 0.003049106779729917 0.965783341677751 0.0036805354445150155 0.6363397279111283 0.04743961974570242 0.573890418561545 0.08869866606378417 0.7274308750984538 0.024404516038290715
0.9404761904761905 0.003610893068595964 0.9726303224018855 0.004667930462384901 0.6734436498301385 0.05326048791136782 0.5823157952535929 0.08558696680903721 0.8122983255023305 0.021138157221760545
0.9445238095238094 0.004232473532055027 0.9772972290552161 0.0030337640311456165 0.7303834227304893 0.024967535540353282 0.7018160041135664 0.05413140323538454 0.7651377712152906 0.024534201695348954
0.9483333333333333 0.005763675446147751 0.9807426354179561 0.0035642570372954956 0.7457724087465154 0.03396471089649572 0.7101873312313911 0.07345964631761566 0.7926814696519789 0.03636705698346353

0.9221428571428572 0.004616837959444148 0.9553099371833966 0.002030225600729854 0.5415085991190937 0.04124893823428255 0.43155741828000693 0.05420901754684068 0.7375868525067609 0.03403210077615619
0.9023809523809524 0.01104002201844727 0.9320550428555603 0.013865646297293841 0.27098410686942287 0.16689878452821144 0.18903909441008285 0.1269888658918959 0.5234233409610984 0.2653596361576792
0.9354761904761905 0.0052919311359268546 0.9715156521501631 0.0036077918406222935 0.6577919361986202 0.049939555836342735 0.5858002489594274 0.08298002926249083 0.7626126590987272 0.03397403255073387
0.9304761904761903 0.004298921448873268 0.9652108133589374 0.0024533836700379947 0.6413226596482281 0.011621249495282916 0.5785716395507463 0.025399597211026307 0.7217415367775333 0.029626839608396707
0.9400000000000001 0.00561420291550074 0.972423618544016 0.003954192854444092 0.6889329256515634 0.027931821456844613 0.6201366124616534 0.04649403253285585 0.7790765521877494 0.029225773033632756
0.9438095238095239 0.0034830330567447005 0.9769990353488678 0.003572635568820882 0.7256704566093064 0.024128985428173818 0.6937221419632114 0.018337595810754954 0.7608235108083072 0.0314982073135188
0.9130952380952382 0.010185356969622594 0.9454623595480431 0.009518879694577091 0.47798571487377794 0.08374285002749418 0.37856177641136257 0.09229052995359972 0.6702245480692364 0.0561113355200798

0.9221428571428572 0.004616837959444148 0.9553099371833966 0.002030225600729854 0.5415085991190937 0.04124893823428255 0.43155741828000693 0.05420901754684068 0.7375868525067609 0.03403210077615619
0.924047619047619 0.0119380487016397 0.9563207469891383 0.012873321177846326 0.5549944587596146 0.11801689860444585 0.4684944178628389 0.15680952330748324 0.7195812238361151 0.039281113043853226
0.9354761904761905 0.0052919311359268546 0.9716588953934064 0.003674795896018017 0.6577919361986202 0.049939555836342735 0.5858002489594274 0.08298002926249083 0.7626126590987272 0.03397403255073387
0.9304761904761903 0.004298921448873268 0.9652080474775004 0.002470990833592046 0.6413226596482281 0.011621249495282916 0.5785716395507463 0.025399597211026307 0.7217415367775333 0.029626839608396707
0.9400000000000001 0.00561420291550074 0.972423618544016 0.003954192854444092 0.6889329256515634 0.027931821456844613 0.6201366124616534 0.04649403253285585 0.7790765521877494 0.029225773033632756
0.9435714285714285 0.003417309546287446 0.9764506714471176 0.0029460228451034507 0.7215803991518126 0.019502717642369514 0.6814232913884988 0.002137946285587744 0.7683137828270958 0.04723678632057027
0.9276190476190477 0.008158019856672303 0.9629519146622345 0.008771231718057814 0.6218095995518806 0.06367619524749221 0.561898625491782 0.08391920315140361 0.7033998454916676 0.05605419392239913

0.9221428571428572 0.004616837959444148 0.9553099371833966 0.002030225600729854 0.5415085991190937 0.04124893823428255 0.43155741828000693 0.05420901754684068 0.7375868525067609 0.03403210077615619
0.9409523809523808 0.0065465367070797476 0.9770059632107365 0.004275847217533027 0.7054205659772207 0.044599270173989965 0.6652628118196707 0.07295359219678028 0.7553796475189289 0.01599355955252194
0.9354761904761905 0.0052919311359268546 0.9714124022877266 0.0035135415647476534 0.6577919361986202 0.049939555836342735 0.5858002489594274 0.08298002926249083 0.7626126590987272 0.03397403255073387
0.9299999999999999 0.004219058368254592 0.9650070682705373 0.0025474938116863384 0.6387420144869378 0.014438745262625575 0.5762989122780191 0.02765284883763348 0.7187564621506676 0.029258647367466497
0.9400000000000001 0.00561420291550074 0.9725796496355524 0.0037419785286900327 0.6889329256515634 0.027931821456844613 0.6201366124616534 0.04649403253285585 0.7790765521877494 0.029225773033632756
0.9435714285714287 0.003158690276528941 0.9767666029164355 0.003154595415979193 0.7238612741549627 0.020637392952608954 0.6897221419632114 0.010490212382230833 0.76189484605785 0.03352618853153618
0.9454761904761904 0.005654448612875179 0.9776630613017598 0.004440559508554635 0.7282328042328043 0.030874629428779107 0.6832617494497003 0.05485097899534879 0.7856976024448625 0.0518427432877842

