




0.9183333333333333 0.00267261241912427 0.9492602002496182 0.002968404747787679 0.5482591700678964 0.03572612701323811 0.46463579753398554 0.05862045570578597 0.6779973616308362 0.028540691419346603
0.8992857142857142 0.005763675446147729 0.9259661130109027 0.006459265213508818 0.33565828042824825 0.13503095913494387 0.26081915714173426 0.13895040735605416 0.5734353460159911 0.03363224529473201
0.8992857142857142 0.005763675446147729 0.9259775213732322 0.006442131875095422 0.33565828042824825 0.13503095913494387 0.26081915714173426 0.13895040735605416 0.5734353460159911 0.03363224529473201
0.9321428571428572 0.0037646162621052 0.9539484009808097 0.006478139273934758 0.5960723031868003 0.052692845117165744 0.47402355216144193 0.08155151753190355 0.8324936167152156 0.059681071235970724
0.9321428571428572 0.0037646162621052 0.9539484009808097 0.006478139273934758 0.5960723031868003 0.052692845117165744 0.47402355216144193 0.08155151753190355 0.8324936167152156 0.059681071235970724
0.9021428571428572 0.005183700251685039 0.932637620007649 0.004635985666105834 0.3274627423305243 0.13892512354110628 0.248068626155365 0.14334007487609324 0.6497105508870215 0.059969586520231176
0.9023809523809524 0.004761904761904745 0.9326861055475499 0.00454683868325079 0.3484029132706953 0.11391944397290273 0.2629622431766416 0.12752480712100672 0.631449681321804 0.055619516313984145
0.934047619047619 0.0025643641938735643 0.9555884195309433 0.006791530782169832 0.6221815935016333 0.041204114754045264 0.5118418793784741 0.07412482429981125 0.8159428278165409 0.059668253517059844
0.934047619047619 0.0025643641938735643 0.9555884195309433 0.006791530782169832 0.6221815935016333 0.041204114754045264 0.5118418793784741 0.07412482429981125 0.8159428278165409 0.059668253517059844

0.9180952380952381 0.00265131636325242 0.949174497094184 0.0029477609318321082 0.5462001180088444 0.03711683497859172 0.4622828563575149 0.05950813665088135 0.676770009205354 0.030064658828050116
0.9164285714285715 0.006226998490772399 0.9481502113486308 0.005474179417411691 0.5141044588305442 0.08113916030488645 0.42494162787627443 0.10362840715799859 0.6963478482302011 0.06784167477864708
0.9169047619047619 0.007468755781599131 0.9475644404846889 0.005424583014944678 0.5164495816630986 0.0914033599844341 0.42962867995463083 0.11722770360435315 0.6978805073281084 0.07005175244288045
0.9357142857142856 0.004821061126503932 0.955163007485841 0.006937676084608809 0.6236289422354893 0.04489149401712502 0.5004715003485206 0.06651577392320367 0.8458542223949834 0.059772493345516695
0.936190476190476 0.004428827437556716 0.9555093672471369 0.007252436936611974 0.6278431652381232 0.040129474577962246 0.504819326435477 0.06115324093623347 0.8467200232607844 0.060644489033117664
0.917142857142857 0.011799534946060829 0.9454666764806425 0.00965532406759683 0.4928756476330312 0.11702396169246804 0.3944402712340896 0.1335713555182946 0.7173042923978015 0.06807450253676885
0.917142857142857 0.012901159222994351 0.9460631655853309 0.009135395205623618 0.5613691800169883 0.06421549506124236 0.49293756535798217 0.06086902657590531 0.6569523451260062 0.08711152761504896
0.9359523809523809 0.005502009527757763 0.9570229753354269 0.008317830738471884 0.6229136457450364 0.04661481024191348 0.4963107438473385 0.06194235279433644 0.8503850188412313 0.051683749032284704
0.9357142857142856 0.005106573949887414 0.9568126049650566 0.008192851384651742 0.6210682688996595 0.044427695251049726 0.49408852162511624 0.060354623666364064 0.8500356128314479 0.05130156256642124

0.9180952380952381 0.00265131636325242 0.949174497094184 0.0029477609318321082 0.5462001180088444 0.03711683497859172 0.4622828563575149 0.05950813665088135 0.676770009205354 0.030064658828050116
0.9269047619047619 0.004298921448873267 0.9552083219645435 0.007813192400907965 0.5923082083249837 0.06536555536075973 0.5093520527829718 0.11378286436976359 0.750290085501353 0.0806238442973678
0.9285714285714286 0.0066921282488358194 0.9555206940569756 0.007349139456261501 0.5904430872797993 0.07536353578509819 0.4911308523029696 0.10407758872886397 0.7604296366279395 0.05591334534865969
0.9378571428571428 0.004219058368254592 0.9589297984537947 0.005196829366886388 0.6670609653818091 0.01733302783801844 0.5793260859931154 0.04029519557704043 0.7955892064619025 0.06929740815005947
0.9383333333333332 0.004351349257737381 0.9592306109717164 0.005347158143799589 0.6749128201951946 0.022007130193372658 0.5966264082425589 0.04941577018144264 0.7873516615938752 0.06925700016444938
0.9295238095238094 0.004351349257737422 0.9555457949227046 0.002221800411544446 0.6071515588730078 0.021136887721235526 0.5066556592512951 0.02935771265567075 0.7601156766730537 0.032539210840674494
0.9328571428571429 0.0026726124191242344 0.9566192054502105 0.0023942678242386047 0.6173812320164332 0.02019968568037516 0.5051649341631383 0.03847574883441371 0.8020613984505724 0.04772013701605928
0.9419047619047618 0.00242810453028227 0.9603848242260836 0.005078629005835707 0.6952141443636946 0.019995733583760524 0.6195592210175657 0.06283148566828813 0.8050690568926093 0.06339173351151807
0.9409523809523808 0.0028769157079986973 0.9604160980781533 0.004921848326757532 0.6994722459261223 0.018287027969066765 0.6413268151255853 0.054834772254175 0.77852759559042 0.05735735630166627
